4
  instance20
  100.0 20 6
33.3
24.3
21.0
32.4
28.5
34.2
27.1
25.9
31.5
29.5
37.4
36.1
34.7
29.7
34.0
38.7
24.9
31.1
39.9
36.3
  instance30
  100.0 30 9
23.8
37.8
29.1
21.7
25.1
26.5
29.5
29.3
22.4
28.7
35.1
39.2
21.3
20.7
22.2
33.9  
23.7
34.2
25.0
36.5
29.5
23.5
33.9
27.7
34.8
30.4
32.3
39.6
25.6
34.7
  instance40
  100.0 40 12
34.4
20.8
21.3
36.9
26.7
21.4
33.4
24.2
32.9
37.8
27.4
36.1
25.6
36.2
27.2
23.4
22.1
27.0
35.5
28.8
35.4
37.2
25.5
24.6
26.9
36.2
39.7
31.1
34.7
32.9
36.9
39.8
36.9
23.1
37.5
38.4
25.8
36.8
27.6
26.9
  instance50
  100.0 50 15
24.6
29.7
25.4
21.3
35.0
26.1
20.3
23.8
25.0
38.4
36.2
29.0
25.2
30.6
20.9
27.0
24.9
23.7
23.9
35.6
30.7
35.9
35.1
33.3
32.5
34.3
21.6
35.7
32.4
37.7
23.0
21.9
21.6
23.8
28.1
32.9
27.1
24.3
22.0
25.0
25.5
26.7
25.1
32.0
20.2
31.9
36.7
29.2
23.1
23.9
