10
  triplet1
  100.0 9 3
25.0
25.0
25.0
20.0
20.0
20.0
15.0
15.0
10.0
  triplet2
  80.0 6 3
25.0
25.0
15.0
20.0
20.0
10.0
  triplet3
  100.0 9 3
30.0
30.0
30.0
20.0
20.0
20.0
15.0
15.0
10.0
  triplet4
  80.0 6 3
25.0
25.0
15.0
15.0
20.0
20.0
  triplet5
  100.0 9 3
35.0
35.0
30.0
25.0
25.0
20.0
15.0
10.0
10.0
  triplet6
  80.0 6 3
30.0
25.0
20.0
15.0
10.0
10.0
  triplet7
  100.0 9 3
28.0
28.0
28.0
22.0
22.0
22.0
18.0
18.0
14.0
  triplet8
  80.0 6 3
27.0
27.0
16.0
19.0
19.0
12.0
  triplet9
  100.0 9 3
33.0
33.0
30.0
26.0
26.0
22.0
18.0
18.0
12.0
  triplet10
  80.0 6 3
32.0
28.0
18.0
16.0
16.0
10.0
