8
 uniform1_2
 300.0 20 2
20.0
20.0
20.0
20.0
20.0
20.0
20.0
20.0
20.0
20.0
10.0
10.0
10.0
10.0
10.0
10.0
10.0
10.0
10.0
10.0
uniform2_2
 180.0 20 5
20.0
20.0
20.0
20.0
20.0
20.0
20.0
20.0
20.0
20.0
10.0
10.0
10.0
10.0
10.0
10.0
10.0
10.0
10.0
10.0
 uniform3_2
 150.0 20 5
20.0
20.0
20.0
20.0
20.0
20.0
20.0
20.0
20.0
20.0
10.0
10.0
10.0
10.0
10.0
10.0
10.0
10.0
10.0
10.0
 uniform4_2
 120.0 20 5
20.0
20.0
20.0
20.0
20.0
20.0
20.0
20.0
20.0
20.0
10.0
10.0
10.0
10.0
10.0
10.0
10.0
10.0
10.0
10.0
 uniform5_2
 100.0 20 5
20.0
20.0
20.0
20.0
20.0
20.0
20.0
20.0
20.0
20.0
10.0
10.0
10.0
10.0
10.0
10.0
10.0
10.0
10.0
10.0
 uniform6_2
 80.0 20 5
20.0
20.0
20.0
20.0
20.0
20.0
20.0
20.0
20.0
20.0
10.0
10.0
10.0
10.0
10.0
10.0
10.0
10.0
10.0
10.0
 uniform7_2
 50.0 20 5
20.0
20.0
20.0
20.0
20.0
20.0
20.0
20.0
20.0
20.0
10.0
10.0
10.0
10.0
10.0
10.0
10.0
10.0
10.0
10.0
 uniform8_2
 30.0 20 5
20.0
20.0
20.0
20.0
20.0
20.0
20.0
20.0
20.0
20.0
10.0
10.0
10.0
10.0
10.0
10.0
10.0
10.0
10.0
10.0