6
instance30
100.0 30 6
29.7
36.9
25.8
38.5
27.0
23.6
22.2
26.1
23.2
22.4
39.9
30.3
27.5
36.9
24.9
20.3
22.6
39.0
32.6
21.1
28.6
23.8
34.3
37.9
37.6
37.3
38.7
25.5
25.2
27.8
instance32
100.0 32 6
28.1
37.0
26.7
23.6
25.7
37.2
33.6
35.8
25.2
38.6
27.3
23.8
34.8
32.7
36.2
30.0
30.7
23.2
23.2
36.8
20.6
38.8
39.0
29.5
38.1
21.4
21.2
34.9
26.2
34.3
34.9
37.3
instance34
100.0 34 6
39.5
34.7
39.1
38.6
30.2
32.6
37.3
39.7
36.9
30.9
37.5
24.0
27.1
35.9
23.7
22.8
35.7
38.5
26.9
34.6
22.8
23.4
33.0
24.9
33.0
29.8
32.5
32.1
34.5
27.6
37.7
29.8
23.6
20.9
instance36
100.0 36 7
24.4
36.7
31.6
37.1
37.6
35.0
34.8
35.4
26.4
22.1
21.0
24.7
23.1
21.2
38.5
21.5
33.9
32.5
30.0
20.6
26.5
39.7
35.6
20.1
34.3
31.0
39.0
20.1
36.1
20.5
26.1
32.7
25.6
22.2
37.6
23.6
instance38
100.0 38 7
26.8
34.3
33.1
30.5
31.7
25.1
39.4
26.7
39.1
28.7
27.3
24.0
23.9
21.7
20.8
26.4
30.9
20.0
35.1
36.6
32.9
36.1
37.8
36.2
35.3
35.7
36.1
26.4
31.5
29.3
23.6
28.9
27.8
34.0
33.7
27.7
37.3
29.5
instance40
100.0 40 8
30.9
25.3
39.0
32.1
22.2
24.5
39.4
27.3
33.0
21.5
32.0
30.5
30.2
24.2
28.8
35.0
23.4
21.1
39.5
24.3
22.9
24.9
23.2
35.9
24.6
23.5
34.6
39.0
24.9
22.2
23.8
39.2
36.0
24.5
34.1
35.2
29.4
22.6
38.5
26.0
